PROT_filename = /ln/ccrc/CCRC/output/gp/yp_10_20_2010/1UBQPro.pdb
GLYC_filename = /ln/ccrc/CCRC/output/gp/yp_10_20_2010/glycan/yp_10_20_2010_612.pdb
Output_PDB = /ln/ccrc/CCRC/output/gp/yp_10_20_2010/yp_10_20_2010.pdb

CA = 391
CB  = 394
OG1 = 396
C1  = 6
C2  = 22
C3  = 18
d_C1_OG1			= 1.500000
a_CB_OG1_C1		= 105.500000
a_OG1_C1_C2		= 105.500000
w_CA_CB_OG1_C1 	= 180.000000
w_CB_OG1_C1_C2 	= 105.000000
w_OG1_C1_C2_C3	= 180.000000
n_atoms = 593

Reading /ln/ccrc/CCRC/output/gp/yp_10_20_2010/1UBQPro.pdb
N_atoms = 593
	   1    N  MET    1   27.34000   24.43000    2.61400   1.00   0.00
	   5   CA  MET    1   26.26600   25.41300    2.84200   1.00   0.00
	   7   CB  MET    1   25.11200   24.88000    3.64900   1.00   0.00
	  10   CG  MET    1   25.35300   24.86000    5.13400   1.00   0.00
	  13   SD  MET    1   23.93000   23.95900    5.90400   1.00   0.00
	  14   CE  MET    1   24.44700   23.98400    7.62000   1.00   0.00
	  18    C  MET    1   26.91300   26.63900    3.53100   1.00   0.00
	  19    O  MET    1   27.88600   26.46300    4.26300   1.00   0.00
	  20    N  GLN    2   26.33500   27.77000    3.25800   1.00   0.00
	  22   CA  GLN    2   26.85000   29.02100    3.89800   1.00   0.00
	  24   CB  GLN    2   26.73300   30.14800    2.90500   1.00   0.00
	  27   CG  GLN    2   26.88200   31.54600    3.40900   1.00   0.00
	  30   CD  GLN    2   26.78600   32.56200    2.27000   1.00   0.00
	  31  OE1  GLN    2   27.78300   33.16000    1.87000   1.00   0.00
	  32  NE2  GLN    2   25.56200   32.73300    1.80600   1.00   0.00
	  35    C  GLN    2   26.10000   29.25300    5.20200   1.00   0.00
	  36    O  GLN    2   24.86500   29.02400    5.33000   1.00   0.00
	  37    N  ILE    3   26.84900   29.65600    6.21700   1.00   0.00
	  39   CA  ILE    3   26.23500   30.05800    7.49700   1.00   0.00
	  41   CB  ILE    3   26.34400   29.05000    8.64500   1.00   0.00
	  43  CG2  ILE    3   25.49100   27.77100    8.28700   1.00   0.00
	  47  CG1  ILE    3   27.81000   28.74800    8.99900   1.00   0.00
	  50  CD1  ILE    3   27.96700   28.08700   10.41700   1.00   0.00
	  54    C  ILE    3   26.88200   31.42800    7.86200   1.00   0.00
	  55    O  ILE    3   27.90600   31.71100    7.26400   1.00   0.00
	  56    N  PHE    4   26.21400   32.09700    8.77100   1.00   0.00
	  58   CA  PHE    4   26.77200   33.43600    9.19700   1.00   0.00
	  60   CB  PHE    4   25.69500   34.49800    8.94600   1.00   0.00
	  63   CG  PHE    4   25.28800   34.60900    7.49900   1.00   0.00
	  64  CD1  PHE    4   24.14700   33.96600    7.03800   1.00   0.00
	  66  CE1  PHE    4   23.81200   34.03100    5.67700   1.00   0.00
	  68   CZ  PHE    4   24.62000   34.77800    4.85300   1.00   0.00
	  70  CE2  PHE    4   25.81000   35.39200    5.26700   1.00   0.00
	  72  CD2  PHE    4   26.13600   35.34600    6.64000   1.00   0.00
	  74    C  PHE    4   27.15100   33.36200   10.65000   1.00   0.00
	  75    O  PHE    4   26.35000   32.77800   11.39500   1.00   0.00
	  76    N  VAL    5   28.26000   33.94300   11.09600   1.00   0.00
	  78   CA  VAL    5   28.60500   33.96500   12.50300   1.00   0.00
	  80   CB  VAL    5   29.96300   33.31700   12.81400   1.00   0.00
	  82  CG1  VAL    5   30.21100   33.39400   14.30400   1.00   0.00
	  86  CG2  VAL    5   29.95700   31.83800   12.35200   1.00   0.00
	  90    C  VAL    5   28.63800   35.46100   12.90000   1.00   0.00
	  91    O  VAL    5   29.52200   36.10300   12.32000   1.00   0.00
	  92    N  LYS    6   27.75100   35.86700   13.74000   1.00   0.00
	  94   CA  LYS    6   27.69100   37.31500   14.14300   1.00   0.00
	  96   CB  LYS    6   26.21900   37.68400   14.30700   1.00   0.00
	  99   CG  LYS    6   25.88400   39.13900   14.61500   1.00   0.00
	 102   CD  LYS    6   24.34800   39.29600   14.64200   1.00   0.00
	 105   CE  LYS    6   23.86500   40.72300   14.74900   1.00   0.00
	 108   NZ  LYS    6   22.37500   40.72000   14.90700   1.00   0.00
	 112    C  LYS    6   28.46900   37.47500   15.42000   1.00   0.00
	 113    O  LYS    6   28.21300   36.75300   16.41100   1.00   0.00
	 114    N  THR    7   29.42600   38.43000   15.44600   1.00   0.00
	 116   CA  THR    7   30.22500   38.64300   16.66200   1.00   0.00
	 118   CB  THR    7   31.74400   38.87900   16.29900   1.00   0.00
	 120  CG2  THR    7   32.26000   37.96900   15.17100   1.00   0.00
	 124  OG1  THR    7   31.73700   40.25700   15.82400   1.00   0.00
	 126    C  THR    7   29.66400   39.83900   17.43400   1.00   0.00
	 127    O  THR    7   28.85000   40.56500   16.85900   1.00   0.00
	 128    N  LEU    8   30.13200   40.06900   18.64200   1.00   0.00
	 130   CA  LEU    8   29.60700   41.18000   19.46700   1.00   0.00
	 132   CB  LEU    8   29.91900   40.89000   20.93800   1.00   0.00
	 135   CG  LEU    8   29.18300   39.72200   21.58100   1.00   0.00
	 137  CD1  LEU    8   29.30800   39.75000   23.09500   1.00   0.00
	 141  CD2  LEU    8   27.70000   39.72100   21.22800   1.00   0.00
	 145    C  LEU    8   30.07500   42.53800   18.98400   1.00   0.00
	 146    O  LEU    8   29.58600   43.57000   19.48300   1.00   0.00
	 147    N  THR    9   30.99100   42.57100   17.99800   1.00   0.00
	 149   CA  THR    9   31.42200   43.94000   17.55300   1.00   0.00
	 151   CB  THR    9   32.97900   43.91800   17.44500   1.00   0.00
	 153  CG2  THR    9   33.65700   43.31900   18.67200   1.00   0.00
	 157  OG1  THR    9   33.17400   43.06700   16.26500   1.00   0.00
	 159    C  THR    9   30.75500   44.35100   16.27700   1.00   0.00
	 160    O  THR    9   31.20700   45.26800   15.56600   1.00   0.00
	 161    N  GLY   10   29.72100   43.67300   15.88500   1.00   0.00
	 163   CA  GLY   10   28.97800   43.96000   14.67800   1.00   0.00
	 166    C  GLY   10   29.60400   43.50700   13.39300   1.00   0.00
	 167    O  GLY   10   29.21900   43.98100   12.30100   1.00   0.00
	 168    N  LYS   11   30.56300   42.62300   13.49500   1.00   0.00
	 170   CA  LYS   11   31.19100   42.01200   12.33100   1.00   0.00
	 172   CB  LYS   11   32.67200   41.71700   12.50500   1.00   0.00
	 175   CG  LYS   11   33.28000   41.08600   11.22700   1.00   0.00
	 178   CD  LYS   11   34.76200   40.79900   11.47000   1.00   0.00
	 181   CE  LYS   11   35.61400   40.84700   10.24000   1.00   0.00
	 184   NZ  LYS   11   35.10000   40.07300    9.10100   1.00   0.00
	 188    C  LYS   11   30.45900   40.66600   12.13000   1.00   0.00
	 189    O  LYS   11   30.25300   39.99100   13.13300   1.00   0.00
	 190    N  THR   12   30.16300   40.33800   10.88600   1.00   0.00
	 192   CA  THR   12   29.54200   39.02000   10.65300   1.00   0.00
	 194   CB  THR   12   28.11300   39.04900   10.01500   1.00   0.00
	 196  CG2  THR   12   27.58800   37.63500    9.71500   1.00   0.00
	 200  OG1  THR   12   27.28000   39.72200   10.99600   1.00   0.00
	 202    C  THR   12   30.49400   38.26100    9.72900   1.00   0.00
	 203    O  THR   12   30.84900   38.85000    8.70600   1.00   0.00
	 204    N  ILE   13   30.79500   37.01500   10.09500   1.00   0.00
	 206   CA  ILE   13   31.72000   36.28900    9.17600   1.00   0.00
	 208   CB  ILE   13   32.99500   35.88300    9.93400   1.00   0.00
	 210  CG2  ILE   13   33.10900   36.38100   11.43500   1.00   0.00
	 214  CG1  ILE   13   33.30600   34.38100    9.84000   1.00   0.00
	 217  CD1  ILE   13   34.53500   34.02800   10.72000   1.00   0.00
	 221    C  ILE   13   30.95500   35.21100    8.45900   1.00   0.00
	 222    O  ILE   13   30.02500   34.61800    9.04000   1.00   0.00
	 223    N  THR   14   31.24400   34.98600    7.19700   1.00   0.00
	 225   CA  THR   14   30.50500   33.88400    6.51200   1.00   0.00
	 227   CB  THR   14   30.09100   34.39300    5.07800   1.00   0.00
	 229  CG2  THR   14   29.42000   35.75600    5.11900   1.00   0.00
	 233  OG1  THR   14   31.44000   34.51300    4.48700   1.00   0.00
	 235    C  THR   14   31.40900   32.68000    6.44600   1.00   0.00
	 236    O  THR   14   32.61900   32.81200    6.12500   1.00   0.00
	 237    N  LEU   15   30.88400   31.48500    6.66600   1.00   0.00
	 239   CA  LEU   15   31.67700   30.27500    6.63900   1.00   0.00
	 241   CB  LEU   15   31.56200   29.68600    8.04500   1.00   0.00
	 244   CG  LEU   15   32.63100   29.44400    9.06000   1.00   0.00
	 246  CD1  LEU   15   33.81400   30.39000    9.03000   1.00   0.00
	 250  CD2  LEU   15   31.94500   29.44900   10.43600   1.00   0.00
	 254    C  LEU   15   31.02200   29.28800    5.66500   1.00   0.00
	 255    O  LEU   15   29.80900   29.39500    5.54500   1.00   0.00
	 256    N  GLU   16   31.83400   28.41200    5.12500   1.00   0.00
	 258   CA  GLU   16   31.22000   27.34100    4.27500   1.00   0.00
	 260   CB  GLU   16   31.82700   27.26200    2.89400   1.00   0.00
	 263   CG  GLU   16   31.36300   28.41000    1.96200   1.00   0.00
	 266   CD  GLU   16   31.67100   28.29100    0.49800   1.00   0.00
	 267  OE1  GLU   16   30.86900   28.62100   -0.36600   1.00   0.00
	 268  OE2  GLU   16   32.83500   27.86100    0.27800   1.00   0.00
	 269    C  GLU   16   31.44000   26.07900    5.08000   1.00   0.00
	 270    O  GLU   16   32.57600   25.80200    5.46100   1.00   0.00
	 271    N  VAL   17   30.31000   25.45800    5.38400   1.00   0.00
	 273   CA  VAL   17   30.28800   24.24500    6.19300   1.00   0.00
	 275   CB  VAL   17   29.90300   24.59000    7.66500   1.00   0.00
	 277  CG1  VAL   17   30.86200   25.49600    8.38900   1.00   0.00
	 281  CG2  VAL   17   28.47600   25.13500    7.70500   1.00   0.00
	 285    C  VAL   17   29.27900   23.22700    5.64100   1.00   0.00
	 286    O  VAL   17   28.47800   23.52200    4.72500   1.00   0.00
	 287    N  GLU   18   29.38000   22.05700    6.23200   1.00   0.00
	 289   CA  GLU   18   28.46800   20.94000    5.98000   1.00   0.00
	 291   CB  GLU   18   29.21300   19.69700    5.50600   1.00   0.00
	 294   CG  GLU   18   29.72800   19.75500    4.06000   1.00   0.00
	 297   CD  GLU   18   28.75400   20.06100    2.97800   1.00   0.00
	 298  OE1  GLU   18   27.54600   19.99200    2.98500   1.00   0.00
	 299  OE2  GLU   18   29.33600   20.42300    1.90400   1.00   0.00
	 300    C  GLU   18   27.81900   20.60900    7.31600   1.00   0.00
	 301    O  GLU   18   28.44900   20.67400    8.36000   1.00   0.00
	 302    N  PRO   19   26.55900   20.22000    7.28800   1.00   0.00
	 303   CD  PRO   19   25.71400   20.10800    6.07300   1.00   0.00
	 306   CG  PRO   19   24.29900   20.13400    6.70400   1.00   0.00
	 309   CB  PRO   19   24.46900   19.33200    7.95200   1.00   0.00
	 312   CA  PRO   19   25.82900   19.82500    8.49400   1.00   0.00
	 314    C  PRO   19   26.54100   18.73200    9.25100   1.00   0.00
	 315    O  PRO   19   26.33300   18.53600   10.45700   1.00   0.00
	 316    N  SER   20   27.36100   17.95900    8.55900   1.00   0.00
	 318   CA  SER   20   28.05400   16.83500    9.21000   1.00   0.00
	 320   CB  SER   20   28.52300   15.82000    8.18200   1.00   0.00
	 323   OG  SER   20   28.94600   16.44500    6.96700   1.00   0.00
	 325    C  SER   20   29.25800   17.31800    9.98400   1.00   0.00
	 326    O  SER   20   29.93000   16.47700   10.60600   1.00   0.00
	 327    N  ASP   21   29.59900   18.59900    9.82800   1.00   0.00
	 329   CA  ASP   21   30.79600   19.08300   10.56600   1.00   0.00
	 331   CB  ASP   21   31.15500   20.51500   10.04800   1.00   0.00
	 334   CG  ASP   21   31.92300   20.43600    8.75500   1.00   0.00
	 335  OD1  ASP   21   32.49300   19.37400    8.45600   1.00   0.00
	 336  OD2  ASP   21   31.83800   21.40200    7.96800   1.00   0.00
	 337    C  ASP   21   30.49100   19.16200   12.04000   1.00   0.00
	 338    O  ASP   21   29.36700   19.52300   12.44100   1.00   0.00
	 339    N  THR   22   31.51000   18.93600   12.85200   1.00   0.00
	 341   CA  THR   22   31.39800   19.06400   14.28600   1.00   0.00
	 343   CB  THR   22   32.49200   18.19300   14.99500   1.00   0.00
	 345  CG2  THR   22   32.35200   16.70000   14.63000   1.00   0.00
	 349  OG1  THR   22   33.77800   18.73900   14.51600   1.00   0.00
	 351    C  THR   22   31.59300   20.55300   14.65500   1.00   0.00
	 352    O  THR   22   32.15900   21.31100   13.86100   1.00   0.00
	 353    N  ILE   23   31.11300   20.86300   15.86000   1.00   0.00
	 355   CA  ILE   23   31.28800   22.20100   16.41700   1.00   0.00
	 357   CB  ILE   23   30.52000   22.30000   17.76400   1.00   0.00
	 359  CG2  ILE   23   30.83200   23.69900   18.35800   1.00   0.00
	 363  CG1  ILE   23   29.00600   22.04300   17.44200   1.00   0.00
	 366  CD1  ILE   23   28.40700   22.94800   16.36600   1.00   0.00
	 370    C  ILE   23   32.77600   22.51900   16.57700   1.00   0.00
	 371    O  ILE   23   33.23300   23.65900   16.38400   1.00   0.00
	 372    N  GLU   24   33.54800   21.52600   16.95000   1.00   0.00
	 374   CA  GLU   24   35.03100   21.72200   17.06900   1.00   0.00
	 376   CB  GLU   24   35.66700   20.38300   17.44700   1.00   0.00
	 379   CG  GLU   24   37.12800   20.29300   17.87200   1.00   0.00
	 382   CD  GLU   24   37.56100   18.85100   18.08200   1.00   0.00
	 383  OE1  GLU   24   37.75800   18.02400   17.19500   1.00   0.00
	 384  OE2  GLU   24   37.62800   18.59900   19.31300   1.00   0.00
	 385    C  GLU   24   35.61500   22.19000   15.75900   1.00   0.00
	 386    O  GLU   24   36.53200   23.04600   15.72400   1.00   0.00
	 387    N  NLN   25   35.13900   21.62400   14.66200   1.00   0.00
	 389   CA  NLN   25   35.59000   21.94500   13.30200   1.00   0.00
	 391   CB  NLN   25   35.06400   20.95700   12.25500   1.00   0.00
	 394   CG  NLN   25   35.54100   21.41800   10.87100   1.00   0.00
	 395  OD1  NLN   25   36.77200   21.62300   10.67600   1.00   0.00
	 396  ND2  NLN   25   34.62800   21.59500    9.92000   1.00   0.00
	 399    C  NLN   25   35.23800   23.38200   12.92000   1.00   0.00
	 400    O  NLN   25   36.06600   24.10900   12.33300   1.00   0.00
	 401    N  VAL   26   34.00700   23.74500   13.25000   1.00   0.00
	 403   CA  VAL   26   33.53300   25.09700   12.97800   1.00   0.00
	 405   CB  VAL   26   32.06000   25.25700   13.36400   1.00   0.00
	 407  CG1  VAL   26   31.68400   26.74900   13.34200   1.00   0.00
	 411  CG2  VAL   26   31.15200   24.42100   12.47700   1.00   0.00
	 415    C  VAL   26   34.44100   26.09900   13.68400   1.00   0.00
	 416    O  VAL   26   34.88300   27.09000   13.09300   1.00   0.00
	 417    N  LYS   27   34.73400   25.82200   14.94900   1.00   0.00
	 419   CA  LYS   27   35.59600   26.71500   15.73600   1.00   0.00
	 421   CB  LYS   27   35.71500   26.20300   17.17200   1.00   0.00
	 424   CG  LYS   27   34.34300   26.44500   17.89800   1.00   0.00
	 427   CD  LYS   27   34.50900   26.07700   19.36000   1.00   0.00
	 430   CE  LYS   27   33.20600   26.31100   20.12200   1.00   0.00
	 433   NZ  LYS   27   33.45500   25.91000   21.54600   1.00   0.00
	 437    C  LYS   27   36.97500   26.82600   15.10700   1.00   0.00
	 438    O  LYS   27   37.57900   27.92600   15.15900   1.00   0.00
	 439    N  ALA   28   37.49900   25.74300   14.57100   1.00   0.00
	 441   CA  ALA   28   38.79400   25.76100   13.88000   1.00   0.00
	 443   CB  ALA   28   39.28500   24.33600   13.56600   1.00   0.00
	 447    C  ALA   28   38.72800   26.59100   12.61100   1.00   0.00
	 448    O  ALA   28   39.70400   27.34600   12.27700   1.00   0.00
	 449    N  LYS   29   37.63300   26.54300   11.86700   1.00   0.00
	 451   CA  LYS   29   37.47100   27.39100   10.66800   1.00   0.00
	 453   CB  LYS   29   36.19300   27.05800    9.91100   1.00   0.00
	 456   CG  LYS   29   36.15300   25.62000    9.40900   1.00   0.00
	 459   CD  LYS   29   34.75800   25.28000    8.90000   1.00   0.00
	 462   CE  LYS   29   34.79300   24.26400    7.76700   1.00   0.00
	 465   NZ  LYS   29   34.91400   24.94400    6.44100   1.00   0.00
	 469    C  LYS   29   37.44100   28.88200   11.05200   1.00   0.00
	 470    O  LYS   29   38.02000   29.77200   10.38200   1.00   0.00
	 471    N  ILE   30   36.81100   29.17000   12.19200   1.00   0.00
	 473   CA  ILE   30   36.73100   30.57000   12.64500   1.00   0.00
	 475   CB  ILE   30   35.70800   30.77600   13.80600   1.00   0.00
	 477  CG2  ILE   30   35.87400   32.13800   14.51200   1.00   0.00
	 481  CG1  ILE   30   34.22800   30.63000   13.31900   1.00   0.00
	 484  CD1  ILE   30   33.28400   30.50400   14.55200   1.00   0.00
	 488    C  ILE   30   38.14800   30.98100   13.06900   1.00   0.00
	 489    O  ILE   30   38.54400   32.15000   12.85600   1.00   0.00
	 490    N  GLN   31   38.88300   30.11000   13.71300   1.00   0.00
	 492   CA  GLN   31   40.26900   30.50800   14.11500   1.00   0.00
	 494   CB  GLN   31   40.99600   29.39900   14.86500   1.00   0.00
	 497   CG  GLN   31   42.44500   29.84800   15.18200   1.00   0.00
	 500   CD  GLN   31   43.09000   28.82800   16.09500   1.00   0.00
	 501  OE1  GLN   31   42.77000   27.65500   15.90600   1.00   0.00
	 502  NE2  GLN   31   43.89800   29.25200   17.05000   1.00   0.00
	 505    C  GLN   31   41.09200   30.80800   12.85100   1.00   0.00
	 506    O  GLN   31   41.82800   31.80800   12.68100   1.00   0.00
	 507    N  ASP   32   41.00100   29.87800   11.93100   1.00   0.00
	 509   CA  ASP   32   41.71800   30.02200   10.64300   1.00   0.00
	 511   CB  ASP   32   41.39800   28.78000    9.81000   1.00   0.00
	 514   CG  ASP   32   42.62600   28.55700    8.92800   1.00   0.00
	 515  OD1  ASP   32   43.66600   28.26200    9.53900   1.00   0.00
	 516  OD2  ASP   32   42.43000   28.81200    7.72800   1.00   0.00
	 517    C  ASP   32   41.39900   31.33800    9.96700   1.00   0.00
	 518    O  ASP   32   42.26000   32.03600    9.38100   1.00   0.00
	 519    N  LYS   33   40.11700   31.75000    9.98800   1.00   0.00
	 521   CA  LYS   33   39.80800   32.99400    9.23300   1.00   0.00
	 523   CB  LYS   33   38.61500   32.80100    8.32000   1.00   0.00
	 526   CG  LYS   33   37.22000   32.82200    8.82700   1.00   0.00
	 529   CD  LYS   33   36.35100   33.61300    7.83800   1.00   0.00
	 532   CE  LYS   33   36.32200   32.94400    6.47700   1.00   0.00
	 535   NZ  LYS   33   35.76800   33.94500    5.48900   1.00   0.00
	 539    C  LYS   33   39.83700   34.27100    9.99500   1.00   0.00
	 540    O  LYS   33   40.16400   35.32300    9.34500   1.00   0.00
	 541    N  GLU   34   39.65500   34.33500   11.28500   1.00   0.00
	 543   CA  GLU   34   39.67600   35.54700   12.07200   1.00   0.00
	 545   CB  GLU   34   38.29000   35.81400   12.69800   1.00   0.00
	 548   CG  GLU   34   37.15600   35.98500   11.68800   1.00   0.00
	 551   CD  GLU   34   37.19200   37.36100   11.03300   1.00   0.00
	 552  OE1  GLU   34   37.51900   38.36000   11.64500   1.00   0.00
	 553  OE2  GLU   34   36.86100   37.32000    9.82200   1.00   0.00
	 554    C  GLU   34   40.67500   35.52700   13.20000   1.00   0.00
	 555    O  GLU   34   40.81400   36.52800   13.91100   1.00   0.00
	 556    N  GLY   35   41.31700   34.39300   13.43200   1.00   0.00
	 558   CA  GLY   35   42.34500   34.26900   14.43100   1.00   0.00
	 561    C  GLY   35   41.94900   34.07600   15.84200   1.00   0.00
	 562    O  GLY   35   42.82900   34.00000   16.73900   1.00   0.00
	 563    N  ILE   36   40.64200   33.91600   16.11200   1.00   0.00
	 565   CA  ILE   36   40.22600   33.71600   17.50900   1.00   0.00
	 567   CB  ILE   36   38.69300   34.10600   17.59500   1.00   0.00
	 569  CG2  ILE   36   38.14600   33.93200   19.02700   1.00   0.00
	 573  CG1  ILE   36   38.47100   35.54600   17.04500   1.00   0.00
	 576  CD1  ILE   36   36.95800   35.74600   16.68000   1.00   0.00
	 580    C  ILE   36   40.44900   32.27800   17.94500   1.00   0.00
	 581    O  ILE   36   39.93600   31.33600   17.31500   1.00   0.00
	 582    N  PRO   37   41.18900   32.08500   19.03100   1.00   0.00
	 583   CD  PRO   37   41.82200   33.18800   19.81300   1.00   0.00
	 586   CG  PRO   37   42.90400   32.41400   20.55300   1.00   0.00
	 589   CB  PRO   37   42.19500   31.14200   20.91300   1.00   0.00
	 592   CA  PRO   37   41.46100   30.75100   19.59400   1.00   0.00
	 594    C  PRO   37   40.16800   30.02600   19.91800   1.00   0.00
	 595    O  PRO   37   39.26400   30.66200   20.52100   1.00   0.00
	 596    N  PRO   38   40.05900   28.75800   19.60700   1.00   0.00
	 597   CD  PRO   38   41.03500   27.90900   18.87900   1.00   0.00
	 600   CG  PRO   38   40.08200   26.90400   18.19800   1.00   0.00
	 603   CB  PRO   38   39.09000   26.62900   19.32500   1.00   0.00
	 606   CA  PRO   38   38.81700   28.02000   19.88900   1.00   0.00
	 608    C  PRO   38   38.42100   28.04800   21.34100   1.00   0.00
	 609    O  PRO   38   37.21300   28.03600   21.70400   1.00   0.00
	 610    N  ASP   39   39.37400   28.09000   22.24000   1.00   0.00
	 612   CA  ASP   39   39.06300   28.06300   23.69500   1.00   0.00
	 614   CB  ASP   39   40.34000   27.69200   24.46800   1.00   0.00
	 617   CG  ASP   39   40.55900   28.58500   25.67500   1.00   0.00
	 618  OD1  ASP   39   40.71600   29.80900   25.45600   1.00   0.00
	 619  OD2  ASP   39   40.54900   28.09000   26.84000   1.00   0.00
	 620    C  ASP   39   38.36500   29.33500   24.15900   1.00   0.00
	 621    O  ASP   39   37.68400   29.39000   25.22100   1.00   0.00
	 622    N  GLN   40   38.41900   30.37300   23.34100   1.00   0.00
	 624   CA  GLN   40   37.73800   31.63700   23.71200   1.00   0.00
	 626   CB  GLN   40   38.52800   32.85400   23.18200   1.00   0.00
	 629   CG  GLN   40   39.91900   32.85400   23.84000   1.00   0.00
	 632   CD  GLN   40   40.76000   34.03600   23.39400   1.00   0.00
	 633  OE1  GLN   40   41.97500   34.00800   23.62400   1.00   0.00
	 634  NE2  GLN   40   40.14000   35.00700   22.77500   1.00   0.00
	 637    C  GLN   40   36.33400   31.74200   23.08700   1.00   0.00
	 638    O  GLN   40   35.57400   32.61800   23.48300   1.00   0.00
	 639    N  GLN   41   36.00000   30.86000   22.17200   1.00   0.00
	 641   CA  GLN   41   34.73800   30.87500   21.47300   1.00   0.00
	 643   CB  GLN   41   34.87600   30.23700   20.06600   1.00   0.00
	 646   CG  GLN   41   36.01200   30.86000   19.22100   1.00   0.00
	 649   CD  GLN   41   36.08300   30.19400   17.87500   1.00   0.00
	 650  OE1  GLN   41   35.04800   29.70200   17.39300   1.00   0.00
	 651  NE2  GLN   41   37.22800   30.12600   17.23300   1.00   0.00
	 654    C  GLN   41   33.58900   30.18900   22.18100   1.00   0.00
	 655    O  GLN   41   33.58000   29.00900   22.49900   1.00   0.00
	 656    N  ARG   42   32.47800   30.91700   22.26900   1.00   0.00
	 658   CA  ARG   42   31.20000   30.32900   22.78000   1.00   0.00
	 660   CB  ARG   42   30.84700   30.93100   24.11800   1.00   0.00
	 663   CG  ARG   42   29.41200   30.79600   24.59800   1.00   0.00
	 666   CD  ARG   42   29.27100   31.31400   26.01600   1.00   0.00
	 669   NE  ARG   42   27.87500   31.31700   26.44300   1.00   0.00
	 671   CZ  ARG   42   27.13200   32.42300   26.57400   1.00   0.00
	 678    C  ARG   42   30.21000   30.50900   21.65000   1.00   0.00
	 679    O  ARG   42   29.97800   31.72600   21.26900   1.00   0.00
	 680    N  LEU   43   29.69400   29.43600   21.05400   1.00   0.00
	 682   CA  LEU   43   28.76200   29.57300   19.90600   1.00   0.00
	 684   CB  LEU   43   29.15100   28.65500   18.75500   1.00   0.00
	 687   CG  LEU   43   30.41600   28.91200   17.98000   1.00   0.00
	 689  CD1  LEU   43   30.73800   27.69300   17.12200   1.00   0.00
	 693  CD2  LEU   43   30.20500   30.16800   17.12900   1.00   0.00
	 697    C  LEU   43   27.33100   29.31700   20.36400   1.00   0.00
	 698    O  LEU   43   27.10100   28.34600   21.09700   1.00   0.00
	 699    N  ILE   44   26.43600   30.23200   20.00400   1.00   0.00
	 701   CA  ILE   44   25.03400   30.17000   20.40100   1.00   0.00
	 703   CB  ILE   44   24.63900   31.42600   21.28600   1.00   0.00
	 705  CG2  ILE   44   23.18100   31.30900   21.82400   1.00   0.00
	 709  CG1  ILE   44   25.64600   31.67000   22.42100   1.00   0.00
	 712  CD1  ILE   44   25.77800   30.43600   23.35600   1.00   0.00
	 716    C  ILE   44   24.10100   30.14900   19.19600   1.00   0.00
	 717    O  ILE   44   24.19600   30.94800   18.28700   1.00   0.00
	 718    N  PHE   45   23.14100   29.18700   19.24100   1.00   0.00
	 720   CA  PHE   45   22.12600   29.06200   18.18300   1.00   0.00
	 722   CB  PHE   45   22.49400   28.05700   17.10900   1.00   0.00
	 725   CG  PHE   45   21.44700   27.86900   16.02600   1.00   0.00
	 726  CD1  PHE   45   21.32500   28.81300   15.00500   1.00   0.00
	 728  CE1  PHE   45   20.36900   28.64800   14.00100   1.00   0.00
	 730   CZ  PHE   45   19.59300   27.46500   14.02100   1.00   0.00
	 732  CE2  PHE   45   19.67700   26.53900   15.05100   1.00   0.00
	 734  CD2  PHE   45   20.63800   26.73500   16.05300   1.00   0.00
	 736    C  PHE   45   20.83500   28.62900   18.90400   1.00   0.00
	 737    O  PHE   45   20.82100   27.73400   19.74900   1.00   0.00
	 738    N  ALA   46   19.81000   29.37800   18.57800   1.00   0.00
	 740   CA  ALA   46   18.44300   29.14300   19.08300   1.00   0.00
	 742   CB  ALA   46   17.86400   27.97700   18.34600   1.00   0.00
	 746    C  ALA   46   18.45300   28.94100   20.59100   1.00   0.00
	 747    O  ALA   46   17.86000   27.99400   21.12800   1.00   0.00
	 748    N  GLY   47   19.17200   29.80800   21.24300   1.00   0.00
	 750   CA  GLY   47   19.39900   29.89400   22.65500   1.00   0.00
	 753    C  GLY   47   20.08300   28.72900   23.32100   1.00   0.00
	 754    O  GLY   47   19.99100   28.58400   24.56100   1.00   0.00
	 755    N  LYS   48   20.80100   27.93100   22.57800   1.00   0.00
	 757   CA  LYS   48   21.55000   26.79600   23.13300   1.00   0.00
	 759   CB  LYS   48   21.24200   25.51900   22.39100   1.00   0.00
	 762   CG  LYS   48   19.76200   25.07700   22.45500   1.00   0.00
	 765   CD  LYS   48   19.63400   23.88500   21.53100   1.00   0.00
	 768   CE  LYS   48   18.79100   24.22100   20.31300   1.00   0.00
	 771   NZ  LYS   48   17.44000   24.65500   20.82700   1.00   0.00
	 775    C  LYS   48   23.04600   27.08700   22.91300   1.00   0.00
	 776    O  LYS   48   23.38300   27.62700   21.87000   1.00   0.00
	 777    N  GLN   49   23.88000   26.72700   23.85100   1.00   0.00
	 779   CA  GLN   49   25.34900   26.87200   23.64300   1.00   0.00
	 781   CB  GLN   49   26.07000   27.02500   24.96000   1.00   0.00
	 784   CG  GLN   49   27.55300   27.35600   24.69500   1.00   0.00
	 787   CD  GLN   49   28.26200   27.57600   26.02000   1.00   0.00
	 788  OE1  GLN   49   29.18900   26.84000   26.33500   1.00   0.00
	 789  NE2  GLN   49   27.77700   28.58500   26.73900   1.00   0.00
	 792    C  GLN   49   25.74300   25.58600   22.92200   1.00   0.00
	 793    O  GLN   49   25.32500   24.48900   23.37800   1.00   0.00
	 794    N  LEU   50   26.46500   25.68900   21.83300   1.00   0.00
	 796   CA  LEU   50   26.82600   24.52100   21.01200   1.00   0.00
	 798   CB  LEU   50   27.04300   24.99200   19.57100   1.00   0.00
	 801   CG  LEU   50   25.93100   25.84400   18.95900   1.00   0.00
	 803  CD1  LEU   50   26.20300   26.08300   17.47100   1.00   0.00
	 807  CD2  LEU   50   24.57700   25.19000   19.07900   1.00   0.00
	 811    C  LEU   50   27.99400   23.78100   21.64300   1.00   0.00
	 812    O  LEU   50   28.90400   24.44400   22.09800   1.00   0.00
	 813    N  GLU   51   27.94200   22.44800   21.64800   1.00   0.00
	 815   CA  GLU   51   29.01500   21.65700   22.28800   1.00   0.00
	 817   CB  GLU   51   28.34800   20.54000   23.06600   1.00   0.00
	 820   CG  GLU   51   29.24700   19.45600   23.70500   1.00   0.00
	 823   CD  GLU   51   28.72200   19.04700   25.06600   1.00   0.00
	 824  OE1  GLU   51   29.13900   18.13200   25.74600   1.00   0.00
	 825  OE2  GLU   51   27.77700   19.84200   25.36700   1.00   0.00
	 826    C  GLU   51   29.94200   21.10600   21.24000   1.00   0.00
	 827    O  GLU   51   29.47000   20.67700   20.19000   1.00   0.00
	 828    N  ASP   52   31.23300   21.09000   21.45900   1.00   0.00
	 830   CA  ASP   52   32.26200   20.67000   20.51400   1.00   0.00
	 832   CB  ASP   52   33.63800   20.71600   21.24200   1.00   0.00
	 835   CG  ASP   52   34.17400   22.12900   21.35400   1.00   0.00
	 836  OD1  ASP   52   35.25200   22.32200   21.95800   1.00   0.00
	 837  OD2  ASP   52   33.54400   23.08600   20.88300   1.00   0.00
	 838    C  ASP   52   32.12800   19.36400   19.75000   1.00   0.00
	 839    O  ASP   52   32.54600   19.31700   18.55800   1.00   0.00
	 840    N  GLY   53   31.69700   18.31100   20.40600   1.00   0.00
	 842   CA  GLY   53   31.56800   16.96200   19.82500   1.00   0.00
	 845    C  GLY   53   30.32000   16.69800   19.05100   1.00   0.00
	 846    O  GLY   53   30.19800   15.65700   18.36600   1.00   0.00
	 847    N  ARG   54   29.34000   17.59400   19.07600   1.00   0.00
	 849   CA  ARG   54   28.10800   17.43900   18.27600   1.00   0.00
	 851   CB  ARG   54   26.92600   18.19100   18.89200   1.00   0.00
	 854   CG  ARG   54   26.62100   17.79900   20.35200   1.00   0.00
	 857   CD  ARG   54   26.01000   16.37000   20.28000   1.00   0.00
	 860   NE  ARG   54   26.97500   15.52100   20.94200   1.00   0.00
	 862   CZ  ARG   54   27.60300   14.42300   20.65500   1.00   0.00
	 869    C  ARG   54   28.37500   17.99900   16.88700   1.00   0.00
	 870    O  ARG   54   29.32600   18.78600   16.69000   1.00   0.00
	 871    N  THR   55   27.51000   17.68900   15.95400   1.00   0.00
	 873   CA  THR   55   27.57400   18.19200   14.56300   1.00   0.00
	 875   CB  THR   55   27.29900   17.05500   13.53300   1.00   0.00
	 877  CG2  THR   55   28.23600   15.86400   13.55800   1.00   0.00
	 881  OG1  THR   55   25.92500   16.61100   13.91300   1.00   0.00
	 883    C  THR   55   26.48200   19.28000   14.43200   1.00   0.00
	 884    O  THR   55   25.60900   19.38800   15.28700   1.00   0.00
	 885    N  LEU   56   26.58500   20.06300   13.37800   1.00   0.00
	 887   CA  LEU   56   25.59400   21.10900   13.07200   1.00   0.00
	 889   CB  LEU   56   26.08400   21.88800   11.83300   1.00   0.00
	 892   CG  LEU   56   27.42600   22.61600   11.90200   1.00   0.00
	 894  CD1  LEU   56   27.71800   23.34100   10.57800   1.00   0.00
	 898  CD2  LEU   56   27.38000   23.72100   12.95500   1.00   0.00
	 902    C  LEU   56   24.24100   20.43600   12.85700   1.00   0.00
	 903    O  LEU   56   23.26400   20.95100   13.32900   1.00   0.00
	 904    N  SER   57   24.24000   19.23300   12.24600   1.00   0.00
	 906   CA  SER   57   22.92400   18.58300   12.02500   1.00   0.00
	 908   CB  SER   57   23.05900   17.32600   11.15400   1.00   0.00
	 911   OG  SER   57   23.91400   16.39500   11.75500   1.00   0.00
	 913    C  SER   57   22.22900   18.24400   13.32500   1.00   0.00
	 914    O  SER   57   20.96300   18.25300   13.39500   1.00   0.00
	 915    N  ASP   58   22.99700   17.97800   14.36600   1.00   0.00
	 917   CA  ASP   58   22.41800   17.63800   15.69300   1.00   0.00
	 919   CB  ASP   58   23.46100   17.33100   16.74100   1.00   0.00
	 922   CG  ASP   58   24.18400   16.01600   16.61900   1.00   0.00
	 923  OD1  ASP   58   25.30300   15.89400   17.15200   1.00   0.00
	 924  OD2  ASP   58   23.57200   15.10700   15.97500   1.00   0.00
	 925    C  ASP   58   21.46000   18.73700   16.16300   1.00   0.00
	 926    O  ASP   58   20.49700   18.50600   16.90000   1.00   0.00
	 927    N  TYR   59   21.84600   19.95400   15.90500   1.00   0.00
	 929   CA  TYR   59   21.07900   21.14900   16.25100   1.00   0.00
	 931   CB  TYR   59   22.08500   22.25400   16.58100   1.00   0.00
	 934   CG  TYR   59   22.94500   21.95100   17.78500   1.00   0.00
	 935  CD1  TYR   59   24.27200   21.54400   17.64400   1.00   0.00
	 937  CE1  TYR   59   25.05200   21.28500   18.77600   1.00   0.00
	 939   CZ  TYR   59   24.51700   21.47000   20.03000   1.00   0.00
	 942  CE2  TYR   59   23.20400   21.90700   20.19200   1.00   0.00
	 944  CD2  TYR   59   22.43700   22.15700   19.06500   1.00   0.00
	 946    C  TYR   59   20.14200   21.59000   15.14900   1.00   0.00
	 947    O  TYR   59   19.49900   22.64500   15.32100   1.00   0.00
	 948    N  ASN   60   19.99300   20.88400   14.04900   1.00   0.00
	 950   CA  ASN   60   19.06500   21.35200   12.99900   1.00   0.00
	 952   CB  ASN   60   17.58600   21.28200   13.46100   1.00   0.00
	 955   CG  ASN   60   16.57600   21.25800   12.31500   1.00   0.00
	 956  OD1  ASN   60   15.44000   21.81900   12.37800   1.00   0.00
	 957  ND2  ASN   60   16.92400   20.58600   11.21600   1.00   0.00
	 960    C  ASN   60   19.44200   22.74500   12.51000   1.00   0.00
	 961    O  ASN   60   18.57100   23.61000   12.28900   1.00   0.00
	 962    N  ILE   61   20.71700   22.96400   12.26000   1.00   0.00
	 964   CA  ILE   61   21.18400   24.26300   11.69000   1.00   0.00
	 966   CB  ILE   61   22.65000   24.51600   12.17200   1.00   0.00
	 968  CG2  ILE   61   23.37600   25.64500   11.40900   1.00   0.00
	 972  CG1  ILE   61   22.66200   24.81900   13.69900   1.00   0.00
	 975  CD1  ILE   61   24.12300   24.98100   14.19500   1.00   0.00
	 979    C  ILE   61   21.11000   24.11100   10.17300   1.00   0.00
	 980    O  ILE   61   21.84100   23.19800    9.68600   1.00   0.00
	 981    N  GLN   62   20.29100   24.87500    9.50700   1.00   0.00
	 983   CA  GLN   62   20.08100   24.77300    8.03300   1.00   0.00
	 985   CB  GLN   62   18.59900   24.73600    7.72700   1.00   0.00
	 988   CG  GLN   62   17.81900   23.43400    7.90000   1.00   0.00
	 991   CD  GLN   62   16.50900   23.52900    7.11600   1.00   0.00
	 992  OE1  GLN   62   15.44600   22.98000    7.43300   1.00   0.00
	 993  NE2  GLN   62   16.53900   24.29300    6.00900   1.00   0.00
	 996    C  GLN   62   20.82200   25.91400    7.33200   1.00   0.00
	 997    O  GLN   62   21.32300   26.83000    8.00800   1.00   0.00
	 998    N  LYS   63   20.92400   25.86200    6.00600   1.00   0.00
	1000   CA  LYS   63   21.65600   26.84700    5.24000   1.00   0.00
	1002   CB  LYS   63   21.63100   26.64200    3.73100   1.00   0.00
	1005   CG  LYS   63   20.21000   26.42300    3.17500   1.00   0.00
	1008   CD  LYS   63   20.26800   26.58900    1.65600   1.00   0.00
	1011   CE  LYS   63   19.20200   25.85700    0.89100   1.00   0.00
	1014   NZ  LYS   63   17.88400   26.54400    1.07500   1.00   0.00
	1018    C  LYS   63   21.12700   28.24000    5.57400   1.00   0.00
	1019    O  LYS   63   19.95800   28.46500    5.84200   1.00   0.00
	1020    N  GLU   64   22.09900   29.16300    5.60500   1.00   0.00
	1022   CA  GLU   64   21.90700   30.56300    5.88100   1.00   0.00
	1024   CB  GLU   64   21.02300   31.22300    4.78400   1.00   0.00
	1027   CG  GLU   64   21.86100   31.34200    3.47400   1.00   0.00
	1030   CD  GLU   64   21.15600   30.72600    2.31100   1.00   0.00
	1031  OE1  GLU   64   19.94200   30.79300    2.17000   1.00   0.00
	1032  OE2  GLU   64   21.95400   30.15200    1.53500   1.00   0.00
	1033    C  GLU   64   21.46600   30.95300    7.26100   1.00   0.00
	1034    O  GLU   64   21.06600   32.11200    7.53300   1.00   0.00
	1035    N  SER   65   21.67400   30.03400    8.19100   1.00   0.00
	1037   CA  SER   65   21.41900   30.25300    9.62000   1.00   0.00
	1039   CB  SER   65   21.63700   28.92300   10.35300   1.00   0.00
	1042   OG  SER   65   20.54400   28.04700   10.05900   1.00   0.00
	1044    C  SER   65   22.50400   31.22800   10.13600   1.00   0.00
	1045    O  SER   65   23.57900   31.32100    9.55400   1.00   0.00
	1046    N  THR   66   22.24100   31.87300   11.24100   1.00   0.00
	1048   CA  THR   66   23.21200   32.76200   11.89100   1.00   0.00
	1050   CB  THR   66   22.69900   34.26700   11.98500   1.00   0.00
	1052  CG2  THR   66   23.72700   35.13100   12.72200   1.00   0.00
	1056  OG1  THR   66   22.49500   34.69000   10.58900   1.00   0.00
	1058    C  THR   66   23.50900   32.22400   13.29000   1.00   0.00
	1059    O  THR   66   22.54400   31.94200   14.03400   1.00   0.00
	1060    N  LEU   67   24.79000   32.02100   13.61800   1.00   0.00
	1062   CA  LEU   67   25.14900   31.60900   14.98000   1.00   0.00
	1064   CB  LEU   67   26.31000   30.59400   14.96700   1.00   0.00
	1067   CG  LEU   67   26.29000   29.48000   13.96000   1.00   0.00
	1069  CD1  LEU   67   27.39300   28.44200   14.22900   1.00   0.00
	1073  CD2  LEU   67   24.94200   28.80700   13.95200   1.00   0.00
	1077    C  LEU   67   25.69800   32.87600   15.66900   1.00   0.00
	1078    O  LEU   67   26.15800   33.73000   14.89400   1.00   0.00
	1079    N  HIE   68   25.62100   32.94500   16.95000   1.00   0.00
	1081   CA  HIE   68   26.17900   34.12700   17.65000   1.00   0.00
	1083   CB  HIE   68   25.21400   34.56500   18.78000   1.00   0.00
	1086   CG  HIE   68   23.97800   35.12100   18.12600   1.00   0.00
	1087  ND1  HIE   68   23.85300   36.43200   17.78100   1.00   0.00
	1089  CE1  HIE   68   22.67400   36.62700   17.20000   1.00   0.00
	1091  NE2  HIE   68   22.04500   35.45500   17.17300   1.00   0.00
	1092  CD2  HIE   68   22.82400   34.51400   17.78200   1.00   0.00
	1094    C  HIE   68   27.47500   33.65100   18.30400   1.00   0.00
	1095    O  HIE   68   27.50700   32.58700   18.95800   1.00   0.00
	1096    N  LEU   69   28.52500   34.44700   18.18900   1.00   0.00
	1098   CA  LEU   69   29.80100   34.14500   18.82900   1.00   0.00
	1100   CB  LEU   69   30.92500   34.30400   17.75300   1.00   0.00
	1103   CG  LEU   69   32.34500   34.18300   18.35800   1.00   0.00
	1105  CD1  LEU   69   32.55500   32.78300   18.87000   1.00   0.00
	1109  CD2  LEU   69   33.36100   34.49100   17.24500   1.00   0.00
	1113    C  LEU   69   30.05200   35.04200   20.00400   1.00   0.00
	1114    O  LEU   69   30.10500   36.30500   19.78800   1.00   0.00
	1115    N  VAL   70   30.12400   34.53300   21.19100   1.00   0.00
	1117   CA  VAL   70   30.47900   35.36900   22.37400   1.00   0.00
	1119   CB  VAL   70   29.47200   35.18100   23.49800   1.00   0.00
	1121  CG1  VAL   70   29.82100   35.95700   24.76500   1.00   0.00
	1125  CG2  VAL   70   28.04900   35.45400   23.07100   1.00   0.00
	1129    C  VAL   70   31.90100   34.91000   22.72800   1.00   0.00
	1130    O  VAL   70   32.19000   33.69600   22.63500   1.00   0.00
	1131    N  LEU   71   32.76300   35.83100   23.09000   1.00   0.00
	1133   CA  LEU   71   34.14500   35.47200   23.48100   1.00   0.00
	1135   CB  LEU   71   35.11400   36.56400   22.90700   1.00   0.00
	1138   CG  LEU   71   35.92600   35.97900   21.73700   1.00   0.00
	1140  CD1  LEU   71   35.00300   35.08400   20.92000   1.00   0.00
	1144  CD2  LEU   71   36.53300   37.08700   20.91700   1.00   0.00
	1148    C  LEU   71   34.23900   35.35300   24.97900   1.00   0.00
	1149    O  LEU   71   33.70700   36.19700   25.72800   1.00   0.00
	1150    N  ARG   72   34.93000   34.38400   25.45100   1.00   0.00
	1152   CA  ARG   72   35.16100   34.17400   26.89600   1.00   0.00
	1154   CB  ARG   72   34.71700   32.76000   27.28600   1.00   0.00
	1157   CG  ARG   72   35.75200   32.05400   28.16000   1.00   0.00
	1160   CD  ARG   72   35.61200   30.57700   28.04400   1.00   0.00
	1163   NE  ARG   72   35.04000   30.25200   26.73000   1.00   0.00
	1165   CZ  ARG   72   34.33800   29.10300   26.65000   1.00   0.00
	1172    C  ARG   72   36.67100   34.29600   27.08900   1.00   0.00
	1173    O  ARG   72   37.30500   33.23300   26.79500   1.00   0.00
	1174    N  LEU   73   37.19700   35.39700   27.51300   1.00   0.00
	1176   CA  LEU   73   38.66800   35.50200   27.68000   1.00   0.00
	1178   CB  LEU   73   39.08000   36.94100   27.40600   1.00   0.00
	1181   CG  LEU   73   39.50200   37.34000   26.00200   1.00   0.00
	1183  CD1  LEU   73   38.68400   36.64700   24.92300   1.00   0.00
	1187  CD2  LEU   73   39.33700   38.85400   25.86200   1.00   0.00
	1191    C  LEU   73   39.07600   34.93100   29.03100   1.00   0.00
	1192    O  LEU   73   38.29700   34.94600   29.99600   1.00   0.00
	1193    N  ARG   74   40.29400   34.41200   29.04500   1.00   0.00
	1195   CA  ARG   74   40.87300   33.80200   30.25300   1.00   0.00
	1197   CB  ARG   74   41.65100   32.52900   29.92300   1.00   0.00
	1200   CG  ARG   74   41.60800   31.44400   30.98900   1.00   0.00
	1203   CD  ARG   74   41.89600   30.08000   30.45600   1.00   0.00
	1206   NE  ARG   74   43.31100   29.73500   30.56300   1.00   0.00
	1208   CZ  ARG   74   44.17400   29.90500   29.55400   1.00   0.00
	1215    C  ARG   74   41.76500   34.82900   30.94400   1.00   0.00
	1216    O  ARG   74   42.94500   34.99400   30.58300   1.00   0.00
	1217    N  GLY   75   41.16500   35.53100   31.89800   1.00   0.00
	1219   CA  GLY   75   41.84500   36.55000   32.68600   1.00   0.00
	1222    C  GLY   75   41.25100   37.94100   32.58800   1.00   0.00
	1223    O  GLY   75   41.10200   38.52300   31.50000   1.00   0.00
	1224    N  GLY   76   40.94600   38.47200   33.75700   1.00   0.00
	1226   CA  GLY   76   40.37300   39.81300   33.94400   1.00   0.00
	1229    C  GLY   76   40.03100   39.99200   35.43200   1.00   0.00
	1230    O  GLY   76   38.93300   40.52500   35.68700   1.00   0.00
	1231  OXT  GLY   76   40.86200   39.57500   36.25100   1.00   0.00
TER
n_atoms = 193

Reading /ln/ccrc/CCRC/output/gp/yp_10_20_2010/glycan/yp_10_20_2010_612.pdb
N_atoms = 193
	   6   C1  4YB    2    3.06000   -4.60300   14.23400   0.00   0.00
	   7   H1  4YB    2    4.04900   -5.06200   14.19500   0.00   0.00
	   8   O5  4YB    2    3.19900   -3.13100   14.15400   0.00   0.00
	   9   C5  4YB    2    3.81000   -2.58600   12.91900   0.00   0.00
	  10   H5  4YB    2    4.81700   -2.99300   12.81100   0.00   0.00
	  11   C6  4YB    2    3.89000   -1.06000   13.05100   0.00   0.00
	  12  H61  4YB    2    4.29600   -0.61900   12.14100   0.00   0.00
	  13  H62  4YB    2    2.90000   -0.63600   13.22800   0.00   0.00
	  14   O6  4YB    2    4.75200   -0.73100   14.14800   0.00   0.00
	  15  H6O  4YB    2    4.38700   -1.08900   14.96100   0.00   0.00
	  16   C4  4YB    2    2.94600   -3.04500   11.73400   0.00   0.00
	  17   H4  4YB    2    1.95800   -2.58800   11.83200   0.00   0.00
	  18   C3  4YB    2    2.78000   -4.57200   11.70700   0.00   0.00
	  19   H3  4YB    2    3.74500   -5.04100   11.50600   0.00   0.00
	  20   O3  4YB    2    1.86700   -4.91000   10.64600   0.00   0.00
	  21  H3O  4YB    2    2.21400   -4.59000    9.81000   0.00   0.00
	  22   C2  4YB    2    2.21100   -5.08900   13.04200   0.00   0.00
	  23   H2  4YB    2    1.20000   -4.69500   13.16500   0.00   0.00
	  24   N2  4YB    2    2.15600   -6.55800   13.02700   0.00   0.00
	  25  H2N  4YB    2    3.04200   -7.02900   13.14300   0.00   0.00
	  26  C2N  4YB    2    1.04100   -7.28200   12.81700   0.00   0.00
	  27  O2N  4YB    2   -0.07900   -6.79100   12.65300   0.00   0.00
	  28  CME  4YB    2    1.24300   -8.80900   12.76100   0.00   0.00
	  29  H1M  4YB    2    1.43100   -9.11000   11.73000   0.00   0.00
	  30  H2M  4YB    2    0.34500   -9.31500   13.11900   0.00   0.00
	  31  H3M  4YB    2    2.08700   -9.11500   13.38300   0.00   0.00
	  32   O4  4YB    2    3.58900   -2.62200   10.47300   0.00   0.00
TER
	  33   C1  4YB    3    2.81800   -1.64100    9.69600   0.00   0.00
	  34   H1  4YB    3    2.63600   -0.76000   10.31400   0.00   0.00
	  35   O5  4YB    3    1.52400   -2.21500    9.27000   0.00   0.00
	  36   C5  4YB    3    0.64900   -1.33200    8.47900   0.00   0.00
	  37   H5  4YB    3    0.45400   -0.42100    9.04900   0.00   0.00
	  38   C6  4YB    3   -0.67700   -2.06300    8.23200   0.00   0.00
	  39  H61  4YB    3   -1.33900   -1.45400    7.61600   0.00   0.00
	  40  H62  4YB    3   -0.50600   -3.01200    7.72300   0.00   0.00
	  41   O6  4YB    3   -1.31600   -2.30700    9.49300   0.00   0.00
	  42  H6O  4YB    3   -0.75100   -2.86000   10.03700   0.00   0.00
	  43   C4  4YB    3    1.41300   -0.97700    7.19600   0.00   0.00
	  44   H4  4YB    3    1.55400   -1.88700    6.60500   0.00   0.00
	  45   C3  4YB    3    2.78600   -0.36000    7.50300   0.00   0.00
	  46   H3  4YB    3    2.64400    0.62200    7.95800   0.00   0.00
	  47   O3  4YB    3    3.49500   -0.19900    6.26100   0.00   0.00
	  48  H3O  4YB    3    2.99400    0.37700    5.67900   0.00   0.00
	  49   C2  4YB    3    3.62200   -1.25000    8.44200   0.00   0.00
	  50   H2  4YB    3    3.89400   -2.16400    7.90900   0.00   0.00
	  51   N2  4YB    3    4.84100   -0.52900    8.82900   0.00   0.00
	  52  H2N  4YB    3    4.70200    0.42300    9.13300   0.00   0.00
	  53  C2N  4YB    3    6.09000   -1.02600    8.76500   0.00   0.00
	  54  O2N  4YB    3    6.35600   -2.19400    8.48300   0.00   0.00
	  55  CME  4YB    3    7.20600   -0.00100    9.04500   0.00   0.00
	  56  H1M  4YB    3    7.17100    0.79300    8.29700   0.00   0.00
	  57  H2M  4YB    3    8.18300   -0.48400    8.99500   0.00   0.00
	  58  H3M  4YB    3    7.07600    0.43200   10.03700   0.00   0.00
	  59   O4  4YB    3    0.62200    0.01300    6.44900   0.00   0.00
TER
	  60   C1  QMB    4    0.09400   -0.46100    5.16400   0.00   0.00
	  61   H1  QMB    4   -0.45500   -1.38900    5.33200   0.00   0.00
	  62   O5  QMB    4    1.17900   -0.70600    4.19000   0.00   0.00
	  63   C5  QMB    4    0.75000   -1.19700    2.86400   0.00   0.00
	  64   H5  QMB    4    0.19600   -2.12900    2.99200   0.00   0.00
	  65   C6  QMB    4    2.00400   -1.46900    2.03400   0.00   0.00
	  66   O6  QMB    4    2.84000   -2.42800    2.76200   0.00   0.00
	  67  H61  QMB    4    1.73500   -1.88600    1.06300   0.00   0.00
	  68  H62  QMB    4    2.55800   -0.54200    1.87600   0.00   0.00
	  69   C4  QMB    4   -0.16500   -0.12600    2.25400   0.00   0.00
	  70   H4  QMB    4    0.42200    0.78200    2.09600   0.00   0.00
	  71   O4  QMB    4   -0.70700   -0.62300    0.97700   0.00   0.00
	  72   C3  QMB    4   -1.34000    0.21200    3.18200   0.00   0.00
	  73   H3  QMB    4   -1.98800   -0.66400    3.26300   0.00   0.00
	  74   C2  QMB    4   -0.86900    0.59700    4.59800   0.00   0.00
	  75   H2  QMB    4   -1.73200    0.68700    5.25800   0.00   0.00
	  76   O2  QMB    4   -0.19200    1.87200    4.54900   0.00   0.00
	  77  H2O  QMB    4   -0.79000    2.54000    4.20500   0.00   0.00
	  78   O3  QMB    4   -2.08300    1.34500    2.60400   0.00   0.00
TER
	  79   C1  3MA    5    4.13100   -2.74400    2.14000   0.00   0.00
	  80   H1  3MA    5    3.94900   -3.14100    1.14000   0.00   0.00
	  81   C2  3MA    5    4.80000   -3.82600    2.99900   0.00   0.00
	  82   H2  3MA    5    4.08000   -4.61900    3.19800   0.00   0.00
	  83   O2  3MA    5    5.88200   -4.38300    2.23100   0.00   0.00
	  84  H2O  3MA    5    6.31400   -5.07400    2.74000   0.00   0.00
	  85   C3  3MA    5    5.33400   -3.26700    4.33300   0.00   0.00
	  86   H3  3MA    5    4.47300   -2.96600    4.93500   0.00   0.00
	  87   C4  3MA    5    6.22800   -2.03100    4.12800   0.00   0.00
	  88   H4  3MA    5    7.15500   -2.31500    3.62700   0.00   0.00
	  89   O4  3MA    5    6.53700   -1.48700    5.42100   0.00   0.00
	  90  H4O  3MA    5    7.02900   -2.13400    5.93200   0.00   0.00
	  91   C5  3MA    5    5.49400   -0.95000    3.30900   0.00   0.00
	  92   H5  3MA    5    4.62300   -0.61100    3.87300   0.00   0.00
	  93   O5  3MA    5    5.01900   -1.56000    2.04300   0.00   0.00
	  94   C6  3MA    5    6.35200    0.26900    2.94900   0.00   0.00
	  95  H61  3MA    5    7.16300   -0.01300    2.27600   0.00   0.00
	  96  H62  3MA    5    6.78400    0.71100    3.84700   0.00   0.00
	  97   O6  3MA    5    5.51700    1.24500    2.31000   0.00   0.00
	  98  H6O  3MA    5    4.80400    1.49500    2.90300   0.00   0.00
	  99   O3  3MA    5    6.08100   -4.33200    5.03500   0.00   0.00
TER
	 100   C1  0MA    6    5.48300   -4.80900    6.29400   0.00   0.00
	 101   H1  0MA    6    5.40900   -3.96400    6.97800   0.00   0.00
	 102   C2  0MA    6    6.40900   -5.87100    6.91000   0.00   0.00
	 103   H2  0MA    6    7.43600   -5.50400    6.92900   0.00   0.00
	 104   O2  0MA    6    5.96400   -6.06000    8.26800   0.00   0.00
	 105  H2O  0MA    6    6.50900   -6.72600    8.69400   0.00   0.00
	 106   C3  0MA    6    6.34200   -7.20700    6.13900   0.00   0.00
	 107   H3  0MA    6    6.79000   -7.05000    5.15500   0.00   0.00
	 108   O3  0MA    6    7.13000   -8.19400    6.83000   0.00   0.00
	 109  H3O  0MA    6    8.04100   -7.89700    6.88400   0.00   0.00
	 110   C4  0MA    6    4.90100   -7.72000    5.95400   0.00   0.00
	 111   H4  0MA    6    4.48600   -8.03800    6.91200   0.00   0.00
	 112   O4  0MA    6    4.93400   -8.84000    5.05100   0.00   0.00
	 113  H4O  0MA    6    5.46700   -9.54200    5.43100   0.00   0.00
	 114   C5  0MA    6    4.00100   -6.63900    5.32200   0.00   0.00
	 115   H5  0MA    6    4.35100   -6.45200    4.30500   0.00   0.00
	 116   O5  0MA    6    4.12900   -5.38300    6.10100   0.00   0.00
	 117   C6  0MA    6    2.51300   -7.00600    5.27200   0.00   0.00
	 118  H61  0MA    6    2.11100   -7.12100    6.27900   0.00   0.00
	 119  H62  0MA    6    2.36900   -7.94300    4.73300   0.00   0.00
	 120   O6  0MA    6    1.79800   -5.96500    4.58900   0.00   0.00
	 121  H6O  0MA    6    2.14200   -5.87100    3.69700   0.00   0.00
TER
	 122   C1  0YB    7   -0.19300    0.09500   -0.19700   0.00   0.00
	 123   H1  0YB    7    0.89900    0.09200   -0.16400   0.00   0.00
	 124   O5  0YB    7   -0.67700    1.48700   -0.20900   0.00   0.00
	 125   C5  0YB    7   -0.16500    2.33000   -1.30600   0.00   0.00
	 126   H5  0YB    7    0.92700    2.32800   -1.26800   0.00   0.00
	 127   C6  0YB    7   -0.67500    3.75400   -1.06000   0.00   0.00
	 128  H61  0YB    7   -0.39500    4.41000   -1.88400   0.00   0.00
	 129  H62  0YB    7   -1.76100    3.76000   -0.96200   0.00   0.00
	 130   O6  0YB    7   -0.08700    4.25300    0.15000   0.00   0.00
	 131  H6O  0YB    7   -0.30200    3.66500    0.87800   0.00   0.00
	 132   C4  0YB    7   -0.62900    1.69700   -2.63300   0.00   0.00
	 133   H4  0YB    7   -1.71000    1.81400   -2.73400   0.00   0.00
	 134   O4  0YB    7    0.02800    2.39800   -3.70300   0.00   0.00
	 135  H4O  0YB    7   -0.25200    2.03300   -4.54500   0.00   0.00
	 136   C3  0YB    7   -0.24500    0.20500   -2.72900   0.00   0.00
	 137   H3  0YB    7    0.83600    0.11500   -2.86000   0.00   0.00
	 138   O3  0YB    7   -0.90500   -0.35800   -3.87900   0.00   0.00
	 139  H3O  0YB    7   -0.60700    0.09400   -4.67200   0.00   0.00
	 140   C2  0YB    7   -0.67500   -0.59500   -1.48200   0.00   0.00
	 141   H2  0YB    7   -1.76500   -0.64800   -1.45200   0.00   0.00
	 142   N2  0YB    7   -0.11900   -1.95500   -1.53800   0.00   0.00
	 143  H2N  0YB    7    0.88300   -2.01900   -1.42500   0.00   0.00
	 144  C2N  0YB    7   -0.83500   -3.07800   -1.72300   0.00   0.00
	 145  O2N  0YB    7   -2.05800   -3.09800   -1.88300   0.00   0.00
	 146  CME  0YB    7   -0.01700   -4.38500   -1.73700   0.00   0.00
	 147  H1M  0YB    7    0.39900   -4.54300   -2.73200   0.00   0.00
	 148  H2M  0YB    7   -0.65900   -5.23000   -1.48400   0.00   0.00
	 149  H3M  0YB    7    0.79700   -4.33800   -1.01000   0.00   0.00
TER
	 150   C1  2MA    8   -3.48300    1.08900    2.24600   0.00   0.00
	 151   H1  2MA    8   -3.51700    0.26700    1.52900   0.00   0.00
	 152   C2  2MA    8   -4.03900    2.35700    1.58500   0.00   0.00
	 153   H2  2MA    8   -3.32800    2.70500    0.83200   0.00   0.00
	 154   C3  2MA    8   -4.27600    3.49400    2.59800   0.00   0.00
	 155   H3  2MA    8   -3.30500    3.86400    2.93200   0.00   0.00
	 156   O3  2MA    8   -4.96900    4.56700    1.93600   0.00   0.00
	 157  H3O  2MA    8   -4.45200    4.86700    1.18400   0.00   0.00
	 158   C4  2MA    8   -5.09600    3.03500    3.81900   0.00   0.00
	 159   H4  2MA    8   -6.12800    2.83200    3.52900   0.00   0.00
	 160   O4  2MA    8   -5.07200    4.09200    4.79500   0.00   0.00
	 161  H4O  2MA    8   -5.46700    4.88200    4.42000   0.00   0.00
	 162   C5  2MA    8   -4.47900    1.78200    4.47100   0.00   0.00
	 163   H5  2MA    8   -3.49500    2.04300    4.86400   0.00   0.00
	 164   O5  2MA    8   -4.30700    0.74200    3.42700   0.00   0.00
	 165   C6  2MA    8   -5.31500    1.17400    5.60400   0.00   0.00
	 166  H61  2MA    8   -6.26800    0.80200    5.22600   0.00   0.00
	 167  H62  2MA    8   -5.51500    1.92000    6.37300   0.00   0.00
	 168   O6  2MA    8   -4.57900    0.09200    6.19300   0.00   0.00
	 169  H6O  2MA    8   -3.74400    0.42000    6.53600   0.00   0.00
	 170   O2  2MA    8   -5.31400    1.98800    0.93700   0.00   0.00
TER
	 171   C1  0YB    9   -5.30300    1.96900   -0.53300   0.00   0.00
	 172   H1  0YB    9   -4.49900    1.31700   -0.87900   0.00   0.00
	 173   O5  0YB    9   -5.10300    3.33000   -1.07100   0.00   0.00
	 174   C5  0YB    9   -5.10600    3.46800   -2.54200   0.00   0.00
	 175   H5  0YB    9   -4.31700    2.83500   -2.95400   0.00   0.00
	 176   C6  0YB    9   -4.80300    4.93600   -2.87100   0.00   0.00
	 177  H61  0YB    9   -4.86600    5.10700   -3.94600   0.00   0.00
	 178  H62  0YB    9   -5.51400    5.59700   -2.37300   0.00   0.00
	 179   O6  0YB    9   -3.47500    5.24700   -2.43000   0.00   0.00
	 180  H6O  0YB    9   -3.40900    5.10100   -1.48400   0.00   0.00
	 181   C4  0YB    9   -6.47500    2.98100   -3.05600   0.00   0.00
	 182   H4  0YB    9   -7.25100    3.68400   -2.74600   0.00   0.00
	 183   O4  0YB    9   -6.41700    2.94200   -4.49300   0.00   0.00
	 184  H4O  0YB    9   -7.27600    2.69200   -4.84100   0.00   0.00
	 185   C3  0YB    9   -6.81300    1.56600   -2.55100   0.00   0.00
	 186   H3  0YB    9   -6.16200    0.83700   -3.03900   0.00   0.00
	 187   O3  0YB    9   -8.18200    1.28000   -2.89700   0.00   0.00
	 188  H3O  0YB    9   -8.29000    1.33100   -3.85000   0.00   0.00
	 189   C2  0YB    9   -6.66600    1.44400   -1.02100   0.00   0.00
	 190   H2  0YB    9   -7.44500    2.04700   -0.54800   0.00   0.00
	 191   N2  0YB    9   -6.82400    0.04000   -0.61300   0.00   0.00
	 192  H2N  0YB    9   -6.06400   -0.57400   -0.86900   0.00   0.00
	 193  C2N  0YB    9   -7.89100   -0.46200    0.03400   0.00   0.00
	 194  O2N  0YB    9   -8.86700    0.20900    0.37800   0.00   0.00
	 195  CME  0YB    9   -7.83900   -1.97700    0.31500   0.00   0.00
	 196  H1M  0YB    9   -8.21100   -2.52000   -0.55500   0.00   0.00
	 197  H2M  0YB    9   -8.46300   -2.21800    1.17600   0.00   0.00
	 198  H3M  0YB    9   -6.81600   -2.29700    0.52600   0.00   0.00
TER

atom1 = 189, CB
atom2 = 190, CG
atom3 = 192, ND2
atom4 = 0, C1
atom5 = 16, C2
atom6 = 12, C3


Rotate glycam by C1-OG1-CA angle
u1 = -0.765302 -0.635118 0.104584
u2 = 0.686389 -0.133068 0.714957
n  = -0.472985 0.665093 0.577872
theta = 111.469589, a_CB_OG1_C1 = 105.500000

u1 = -0.715748 -0.672523 0.188195
u2 = 0.686389 -0.133068 0.714957
new theta = 105.500000


Rotate glycam by C1-OG1-CA angle
u1 = -0.581099 -0.386001 -0.716469
u2 = 0.715748 0.672523 -0.188195
n  = 0.659137 -0.739598 -0.136137
theta = 122.729842, a_OG1_C1_C2 = 105.500000

u1 = -0.413628 -0.205363 -0.886982
u2 = 0.715748 0.672523 -0.188195
new theta = 105.500000


Rotating About w_CA_CB_OG1_C1
omega = -32.074852
w_CA_CB_OG1_C1 = 180.000000
n  = -0.686389 0.133068 -0.714957
omega = -179.999923
w_CA_CB_OG1_C1 = 180.000000


Rotating About w_CB_OG1_C1_C2
omega = -151.925069
w_CB_OG1_C1_C2 = 105.000000
n  = 0.509665 0.295221 -0.808137
omega = 105.000000
w_CB_OG1_C1_C2 = 105.000000


Rotating About w_OG1_C1_C2_C3
omega = 5.093410
w_OG1_C1_C2_C3 = 180.000000
n  = 0.023305 -0.794852 -0.606355
omega = -179.999923
w_OG1_C1_C2_C3 = 180.000000
